Day	 Month	 Year	 Velocity [m/s]	 Direction [°]
NAN values refers to not available data.
     1	      1	   2008	   -0.5	  256.7
     2	      1	   2008	    1.4	  278.4
     3	      1	   2008	    2.1	  278.4
     4	      1	   2008	   -0.3	  257.8
     5	      1	   2008	    4.8	  271.4
     6	      1	   2008	    2.1	  260.2
     7	      1	   2008	    1.3	  268.2
     8	      1	   2008	   -0.4	  259.3
     9	      1	   2008	   -0.4	  262.1
    10	      1	   2008	    5.6	  278.6
    11	      1	   2008	    5.6	  244.7
    12	      1	   2008	    6.1	  265.8
    13	      1	   2008	    3.3	  264.9
    14	      1	   2008	    4.0	  264.3
    15	      1	   2008	   -0.4	  273.8
    16	      1	   2008	    3.0	  281.4
    17	      1	   2008	    0.0	  274.5
    18	      1	   2008	    3.3	  279.1
    19	      1	   2008	   -0.3	  265.7
    20	      1	   2008	    6.5	  279.9
    21	      1	   2008	    1.7	  260.6
    22	      1	   2008	    6.6	  270.4
    23	      1	   2008	    5.5	  273.2
    24	      1	   2008	    4.9	  283.9
    25	      1	   2008	    1.7	  252.1
    26	      1	   2008	    1.6	  276.4
    27	      1	   2008	    3.8	  255.1
    28	      1	   2008	    3.2	  269.9
    29	      1	   2008	    2.4	  271.4
    30	      1	   2008	    0.0	  277.9
    31	      1	   2008	    2.0	  257.2
     1	      2	   2008	    3.5	  275.1
     2	      2	   2008	    3.2	  263.3
     3	      2	   2008	   -0.1	  252.0
     4	      2	   2008	    3.8	  273.7
     5	      2	   2008	    1.9	  257.0
     6	      2	   2008	    3.4	  256.3
     7	      2	   2008	    1.9	  262.2
     8	      2	   2008	    4.1	  286.5
     9	      2	   2008	    2.6	  277.6
    10	      2	   2008	    6.3	  263.5
    11	      2	   2008	    2.8	  263.3
    12	      2	   2008	    3.4	  282.4
    13	      2	   2008	   -0.1	  253.9
    14	      2	   2008	   -0.3	  263.8
    15	      2	   2008	    4.3	  275.4
    16	      2	   2008	    2.8	  273.1
    17	      2	   2008	    1.4	  254.5
    18	      2	   2008	    2.6	  253.7
    19	      2	   2008	   -0.2	  255.5
    20	      2	   2008	    3.4	  276.7
    21	      2	   2008	   -0.3	  258.3
    22	      2	   2008	    1.8	  266.5
    23	      2	   2008	    4.0	  259.3
    24	      2	   2008	    4.2	  279.0
    25	      2	   2008	    3.2	  251.0
    26	      2	   2008	    5.8	  265.8
    27	      2	   2008	   -0.2	  272.4
    28	      2	   2008	    4.1	  255.3
    29	      2	   2008	    1.3	  272.0
     1	      3	   2008	    1.4	  268.6
     2	      3	   2008	    5.9	  263.7
     3	      3	   2008	    3.1	  268.0
     4	      3	   2008	    1.7	  268.0
     5	      3	   2008	    8.5	  265.8
     6	      3	   2008	    1.9	  274.7
     7	      3	   2008	    4.7	  279.6
     8	      3	   2008	    3.2	  273.5
     9	      3	   2008	   -0.2	  263.4
    10	      3	   2008	   -0.1	  251.3
    11	      3	   2008	    2.2	  244.3
    12	      3	   2008	   -0.2	  266.5
    13	      3	   2008	    2.3	  270.2
    14	      3	   2008	    2.4	  275.1
    15	      3	   2008	    5.4	  270.7
    16	      3	   2008	    5.9	  265.8
    17	      3	   2008	    2.8	  257.9
    18	      3	   2008	   -0.2	  269.3
    19	      3	   2008	    2.2	  300.6
    20	      3	   2008	    1.4	  266.1
    21	      3	   2008	    2.1	  292.8
    22	      3	   2008	    3.8	  262.3
    23	      3	   2008	    3.5	  276.2
    24	      3	   2008	    1.1	  262.6
    25	      3	   2008	    3.8	  256.9
    26	      3	   2008	    4.1	  283.2
    27	      3	   2008	    1.7	  269.4
    28	      3	   2008	    1.4	  271.8
    29	      3	   2008	    1.7	  265.1
    30	      3	   2008	    4.6	  271.2
    31	      3	   2008	    4.0	  264.6
     1	      4	   2008	    4.1	  263.4
     2	      4	   2008	    2.7	  271.0
     3	      4	   2008	    2.8	  274.5
     4	      4	   2008	   -0.2	  263.4
     5	      4	   2008	    3.2	  279.7
     6	      4	   2008	    3.3	  267.8
     7	      4	   2008	    1.8	  248.6
     8	      4	   2008	    2.3	  277.5
     9	      4	   2008	   -0.4	  255.0
    10	      4	   2008	    3.6	  285.3
    11	      4	   2008	    1.3	  262.0
    12	      4	   2008	    3.9	  273.8
    13	      4	   2008	    7.4	  273.4
    14	      4	   2008	    1.3	  258.7
    15	      4	   2008	    2.5	  273.1
    16	      4	   2008	    1.9	  268.2
    17	      4	   2008	    3.3	  255.3
    18	      4	   2008	    6.5	  273.0
    19	      4	   2008	    0.0	  276.8
    20	      4	   2008	    4.3	  272.1
    21	      4	   2008	    4.9	  275.6
    22	      4	   2008	    0.0	  247.4
    23	      4	   2008	    2.9	  275.1
    24	      4	   2008	    1.4	  261.1
    25	      4	   2008	    4.6	  258.4
    26	      4	   2008	    6.1	  271.6
    27	      4	   2008	    2.0	  262.2
    28	      4	   2008	    0.0	  276.1
    29	      4	   2008	    5.0	  271.5
    30	      4	   2008	   -0.3	  279.2
     1	      5	   2008	    6.3	  273.0
     2	      5	   2008	    1.8	  264.0
     3	      5	   2008	    5.3	  264.7
     4	      5	   2008	    1.8	  274.8
     5	      5	   2008	   -0.3	  267.2
     6	      5	   2008	    2.4	  262.7
     7	      5	   2008	    6.1	  278.2
     8	      5	   2008	    2.7	  276.0
     9	      5	   2008	    1.4	  267.6
    10	      5	   2008	    4.5	  276.9
    11	      5	   2008	    5.2	  265.7
    12	      5	   2008	    2.6	  274.5
    13	      5	   2008	    6.5	  274.5
    14	      5	   2008	    3.3	  263.6
    15	      5	   2008	    3.0	  262.1
    16	      5	   2008	    9.4	  268.4
    17	      5	   2008	    4.7	  255.8
    18	      5	   2008	    4.0	  281.1
    19	      5	   2008	    2.9	  262.4
    20	      5	   2008	    8.5	  268.3
    21	      5	   2008	    2.5	  262.1
    22	      5	   2008	    2.4	  264.4
    23	      5	   2008	    4.1	  267.3
    24	      5	   2008	    0.0	  246.5
    25	      5	   2008	    6.1	  252.7
    26	      5	   2008	   -0.1	  279.6
    27	      5	   2008	    5.6	  268.2
    28	      5	   2008	    4.1	  267.2
    29	      5	   2008	    1.7	  271.3
    30	      5	   2008	    2.9	  263.5
    31	      5	   2008	    3.7	  273.7
     1	      6	   2008	    1.6	  259.8
     2	      6	   2008	    4.0	  272.5
     3	      6	   2008	    2.5	  277.1
     4	      6	   2008	    4.0	  256.0
     5	      6	   2008	    7.8	  268.6
     6	      6	   2008	   -0.1	  272.9
     7	      6	   2008	    3.7	  272.9
     8	      6	   2008	    2.6	  275.4
     9	      6	   2008	    4.1	  258.4
    10	      6	   2008	    2.7	  267.5
    11	      6	   2008	    1.7	  274.3
    12	      6	   2008	    6.3	  276.5
    13	      6	   2008	    3.4	  265.0
    14	      6	   2008	    3.6	  271.3
    15	      6	   2008	    1.9	  269.5
    16	      6	   2008	    2.2	  281.5
    17	      6	   2008	    4.2	  269.6
    18	      6	   2008	   -0.4	  274.8
    19	      6	   2008	    5.6	  276.1
    20	      6	   2008	    1.3	  262.2
    21	      6	   2008	    7.1	  286.2
    22	      6	   2008	    3.0	  262.1
    23	      6	   2008	    2.0	  273.1
    24	      6	   2008	    2.3	  266.8
    25	      6	   2008	    4.1	  274.7
    26	      6	   2008	    2.1	  262.3
    27	      6	   2008	    5.3	  268.3
    28	      6	   2008	    6.0	  250.7
    29	      6	   2008	    3.4	  262.2
    30	      6	   2008	    7.9	  263.6
     1	      7	   2008	    7.1	  259.9
     2	      7	   2008	    3.2	  284.4
     3	      7	   2008	    3.4	  276.9
     4	      7	   2008	    2.5	  254.6
     5	      7	   2008	    4.4	  270.6
     6	      7	   2008	    4.1	  257.0
     7	      7	   2008	    5.7	  282.3
     8	      7	   2008	    1.9	  264.2
     9	      7	   2008	    1.3	  262.1
    10	      7	   2008	   -0.3	  286.5
    11	      7	   2008	    5.7	  273.7
    12	      7	   2008	    2.0	  266.1
    13	      7	   2008	    4.9	  238.7
    14	      7	   2008	    1.8	  265.3
    15	      7	   2008	    2.7	  274.6
    16	      7	   2008	    3.1	  266.0
    17	      7	   2008	    1.2	  263.5
    18	      7	   2008	    1.2	  245.5
    19	      7	   2008	    7.4	  267.1
    20	      7	   2008	    3.4	  265.7
    21	      7	   2008	    3.7	  264.5
    22	      7	   2008	    1.5	  282.2
    23	      7	   2008	    2.6	  262.6
    24	      7	   2008	    4.1	  266.3
    25	      7	   2008	    3.4	  270.6
    26	      7	   2008	    2.9	  250.3
    27	      7	   2008	   -0.5	  271.2
    28	      7	   2008	    4.5	  279.5
    29	      7	   2008	    3.3	  259.7
    30	      7	   2008	    3.3	  280.6
    31	      7	   2008	    2.8	  280.4
     1	      8	   2008	    5.5	  265.3
     2	      8	   2008	    6.7	  262.7
     3	      8	   2008	    3.9	  283.1
     4	      8	   2008	    2.5	  245.4
     5	      8	   2008	    2.0	  265.4
     6	      8	   2008	    3.7	  260.4
     7	      8	   2008	    4.0	  264.6
     8	      8	   2008	    1.4	  266.5
     9	      8	   2008	   -0.2	  257.2
    10	      8	   2008	   -0.2	  265.6
    11	      8	   2008	    3.4	  255.4
    12	      8	   2008	    4.8	  265.0
    13	      8	   2008	    1.7	  270.6
    14	      8	   2008	    2.6	  265.6
    15	      8	   2008	    2.6	  266.7
    16	      8	   2008	    2.7	  271.5
    17	      8	   2008	    1.2	  271.6
    18	      8	   2008	    4.9	  284.9
    19	      8	   2008	    3.8	  269.2
    20	      8	   2008	    2.7	  257.4
    21	      8	   2008	    3.5	  257.4
    22	      8	   2008	    5.1	  269.5
    23	      8	   2008	    5.5	  269.3
    24	      8	   2008	    3.4	  269.7
    25	      8	   2008	    4.5	  265.8
    26	      8	   2008	    2.2	  269.2
    27	      8	   2008	    2.9	  256.5
    28	      8	   2008	    5.0	  245.6
    29	      8	   2008	    3.1	  265.8
    30	      8	   2008	    1.0	  276.1
    31	      8	   2008	    8.3	  277.7
     1	      9	   2008	    3.8	  285.4
     2	      9	   2008	    2.4	  255.0
     3	      9	   2008	    2.1	  273.3
     4	      9	   2008	    4.4	  249.8
     5	      9	   2008	    3.1	  251.3
     6	      9	   2008	   -0.2	  259.9
     7	      9	   2008	    1.7	  255.6
     8	      9	   2008	    3.3	  275.1
     9	      9	   2008	    5.2	  273.3
    10	      9	   2008	    4.8	  257.1
    11	      9	   2008	    5.5	  240.2
    12	      9	   2008	    0.9	  256.3
    13	      9	   2008	    2.0	  260.9
    14	      9	   2008	    4.9	  255.2
    15	      9	   2008	    2.5	  272.3
    16	      9	   2008	    3.1	  265.0
    17	      9	   2008	    2.6	  273.4
    18	      9	   2008	    5.3	  268.1
    19	      9	   2008	   -0.2	  273.6
    20	      9	   2008	    2.0	  256.3
    21	      9	   2008	    1.7	  262.8
    22	      9	   2008	    4.6	  277.3
    23	      9	   2008	    3.9	  285.9
    24	      9	   2008	    2.4	  263.3
    25	      9	   2008	    1.4	  247.2
    26	      9	   2008	    4.9	  256.0
    27	      9	   2008	    3.6	  276.9
    28	      9	   2008	    5.7	  258.0
    29	      9	   2008	    5.9	  254.5
    30	      9	   2008	    4.3	  253.6
     1	     10	   2008	    5.8	  264.5
     2	     10	   2008	    2.1	  260.2
     3	     10	   2008	    1.8	  281.3
     4	     10	   2008	    3.1	  281.3
     5	     10	   2008	    0.0	  268.6
     6	     10	   2008	    5.8	  263.4
     7	     10	   2008	    3.6	  270.1
     8	     10	   2008	    3.4	  267.0
     9	     10	   2008	    1.7	  258.7
    10	     10	   2008	    2.3	  288.4
    11	     10	   2008	    3.2	  251.9
    12	     10	   2008	    1.5	  266.5
    13	     10	   2008	    3.5	  279.8
    14	     10	   2008	    2.5	  270.2
    15	     10	   2008	    7.6	  268.6
    16	     10	   2008	    2.9	  272.4
    17	     10	   2008	    5.2	  271.4
    18	     10	   2008	    2.6	  261.7
    19	     10	   2008	    2.6	  257.3
    20	     10	   2008	    2.1	  283.0
    21	     10	   2008	    3.0	  262.8
    22	     10	   2008	    5.6	  269.9
    23	     10	   2008	    5.3	  268.5
    24	     10	   2008	    2.7	  262.0
    25	     10	   2008	    1.8	  284.6
    26	     10	   2008	   -0.5	  273.2
    27	     10	   2008	    6.5	  265.8
    28	     10	   2008	    4.6	  276.1
    29	     10	   2008	    4.0	  282.9
    30	     10	   2008	    3.0	  261.2
    31	     10	   2008	    7.6	  265.3
     1	     11	   2008	    3.4	  273.0
     2	     11	   2008	    2.3	  279.3
     3	     11	   2008	    3.4	  259.4
     4	     11	   2008	    1.3	  261.1
     5	     11	   2008	    2.2	  262.4
     6	     11	   2008	    4.1	  269.5
     7	     11	   2008	    0.0	  263.0
     8	     11	   2008	    2.3	  250.4
     9	     11	   2008	    3.2	  275.1
    10	     11	   2008	    4.2	  270.9
    11	     11	   2008	    3.0	  262.3
    12	     11	   2008	   -0.2	  266.1
    13	     11	   2008	    4.6	  271.2
    14	     11	   2008	    1.8	  264.7
    15	     11	   2008	    1.8	  261.8
    16	     11	   2008	    3.5	  267.9
    17	     11	   2008	    4.2	  258.8
    18	     11	   2008	    3.3	  270.7
    19	     11	   2008	    2.2	  269.1
    20	     11	   2008	    2.8	  248.4
    21	     11	   2008	    4.2	  269.4
    22	     11	   2008	    3.0	  282.6
    23	     11	   2008	    3.6	  274.5
    24	     11	   2008	   -0.1	  254.5
    25	     11	   2008	    6.1	  267.2
    26	     11	   2008	    1.5	  254.2
    27	     11	   2008	    5.3	  257.7
    28	     11	   2008	    5.2	  266.6
    29	     11	   2008	    7.4	  248.2
    30	     11	   2008	    4.4	  259.4
     1	     12	   2008	    5.1	  239.3
     2	     12	   2008	    2.6	  283.3
     3	     12	   2008	    2.4	  271.6
     4	     12	   2008	    6.4	  273.5
     5	     12	   2008	    2.9	  269.9
     6	     12	   2008	    6.8	  274.2
     7	     12	   2008	    3.8	  267.3
     8	     12	   2008	    0.0	  281.3
     9	     12	   2008	   -0.2	  259.4
    10	     12	   2008	    2.1	  251.1
    11	     12	   2008	    2.7	  263.1
    12	     12	   2008	    3.6	  270.5
    13	     12	   2008	    2.2	  270.5
    14	     12	   2008	    4.2	  270.4
    15	     12	   2008	    3.9	  261.3
    16	     12	   2008	    4.5	  269.4
    17	     12	   2008	    4.6	  266.7
    18	     12	   2008	    2.0	  265.3
    19	     12	   2008	    2.1	  271.8
    20	     12	   2008	    4.3	  271.8
    21	     12	   2008	    1.7	  251.1
    22	     12	   2008	    3.6	  277.3
    23	     12	   2008	    4.1	  270.9
    24	     12	   2008	    3.7	  249.2
    25	     12	   2008	    4.2	  290.1
    26	     12	   2008	    2.1	  259.7
    27	     12	   2008	    5.0	  264.3
    28	     12	   2008	    0.0	  293.0
    29	     12	   2008	   -0.2	  265.7
    30	     12	   2008	    2.8	  268.7
    31	     12	   2008	    2.3	  273.9
