Day	 Month	 Year	 Velocity [m/s]	 Direction [°]
NAN values refers to not available data.
     1	      1	   1995	   14.3	   15.6
     2	      1	   1995	   14.1	    7.9
     3	      1	   1995	   11.8	    1.5
     4	      1	   1995	    9.4	    7.6
     5	      1	   1995	    1.8	  359.4
     6	      1	   1995	    2.2	    6.6
     7	      1	   1995	    4.4	   26.4
     8	      1	   1995	    7.8	   25.7
     9	      1	   1995	   21.8	    9.8
    10	      1	   1995	    6.2	   12.2
    11	      1	   1995	    9.9	  359.3
    12	      1	   1995	   14.5	    3.4
    13	      1	   1995	    5.1	    9.1
    14	      1	   1995	   10.3	   22.1
    15	      1	   1995	    9.7	   12.2
    16	      1	   1995	    6.1	    2.1
    17	      1	   1995	    7.0	    2.4
    18	      1	   1995	    5.1	   23.3
    19	      1	   1995	    8.3	   26.0
    20	      1	   1995	   14.5	   25.0
    21	      1	   1995	   12.0	   15.7
    22	      1	   1995	   -1.6	   10.2
    23	      1	   1995	    6.2	   17.1
    24	      1	   1995	   10.9	   21.6
    25	      1	   1995	    6.9	  358.5
    26	      1	   1995	    7.5	   13.4
    27	      1	   1995	   13.5	   21.2
    28	      1	   1995	   16.9	   12.4
    29	      1	   1995	    2.9	    3.7
    30	      1	   1995	    7.1	  347.9
    31	      1	   1995	    9.0	   17.1
     1	      2	   1995	    3.9	   12.1
     2	      2	   1995	    5.5	   21.0
     3	      2	   1995	    2.8	    6.7
     4	      2	   1995	    8.9	   15.8
     5	      2	   1995	   13.7	   11.7
     6	      2	   1995	   18.7	   28.3
     7	      2	   1995	   -0.9	    0.5
     8	      2	   1995	   -1.9	    0.5
     9	      2	   1995	   10.3	   29.7
    10	      2	   1995	   14.4	   27.8
    11	      2	   1995	    3.7	    9.7
    12	      2	   1995	    8.2	   16.6
    13	      2	   1995	    5.2	   27.8
    14	      2	   1995	   11.3	   13.4
    15	      2	   1995	    4.7	   15.7
    16	      2	   1995	    8.2	   16.1
    17	      2	   1995	    4.6	    2.5
    18	      2	   1995	    2.8	    6.8
    19	      2	   1995	   13.1	   18.7
    20	      2	   1995	   16.5	   20.8
    21	      2	   1995	   22.8	   27.1
    22	      2	   1995	   16.8	    4.5
    23	      2	   1995	    9.1	   24.8
    24	      2	   1995	    6.4	   37.1
    25	      2	   1995	    6.8	   13.2
    26	      2	   1995	    5.9	   19.0
    27	      2	   1995	    9.3	    2.2
    28	      2	   1995	    6.3	   16.6
     1	      3	   1995	   13.4	    9.7
     2	      3	   1995	    3.0	    9.0
     3	      3	   1995	   16.6	   13.7
     4	      3	   1995	    5.3	   13.6
     5	      3	   1995	   10.0	   12.9
     6	      3	   1995	    5.5	   22.1
     7	      3	   1995	    6.3	   10.6
     8	      3	   1995	    7.1	   16.8
     9	      3	   1995	   10.2	   19.4
    10	      3	   1995	    8.7	    0.3
    11	      3	   1995	   11.9	   12.2
    12	      3	   1995	   11.8	   17.8
    13	      3	   1995	    5.8	   10.5
    14	      3	   1995	    8.6	   28.1
    15	      3	   1995	   10.4	    6.8
    16	      3	   1995	   16.6	   15.1
    17	      3	   1995	    5.5	   38.3
    18	      3	   1995	   -1.1	   14.9
    19	      3	   1995	    4.5	   18.2
    20	      3	   1995	   14.8	    2.5
    21	      3	   1995	    2.3	   20.4
    22	      3	   1995	    3.2	   35.7
    23	      3	   1995	   14.0	   18.8
    24	      3	   1995	    7.5	    5.9
    25	      3	   1995	    7.8	    3.4
    26	      3	   1995	    6.2	    2.7
    27	      3	   1995	    0.3	   24.0
    28	      3	   1995	    5.0	    4.0
    29	      3	   1995	    6.9	   13.1
    30	      3	   1995	   10.2	    7.4
    31	      3	   1995	    8.0	   17.9
     1	      4	   1995	    9.2	    7.2
     2	      4	   1995	    2.4	    8.8
     3	      4	   1995	   14.9	    5.1
     4	      4	   1995	    7.1	    2.8
     5	      4	   1995	    0.5	   12.1
     6	      4	   1995	   -2.3	   15.2
     7	      4	   1995	    6.9	    4.1
     8	      4	   1995	    8.5	    4.5
     9	      4	   1995	   13.1	   29.1
    10	      4	   1995	    9.0	   15.4
    11	      4	   1995	   11.4	   13.2
    12	      4	   1995	   11.0	  347.6
    13	      4	   1995	   12.2	  355.4
    14	      4	   1995	    7.1	   10.1
    15	      4	   1995	    7.6	    3.1
    16	      4	   1995	    9.8	   11.6
    17	      4	   1995	    1.9	   12.8
    18	      4	   1995	   12.3	   34.5
    19	      4	   1995	    8.7	   21.7
    20	      4	   1995	   12.0	    7.2
    21	      4	   1995	   15.9	    3.0
    22	      4	   1995	   13.3	    2.4
    23	      4	   1995	    4.4	   11.2
    24	      4	   1995	    9.6	    2.8
    25	      4	   1995	   22.1	   15.5
    26	      4	   1995	   12.2	   16.2
    27	      4	   1995	   12.6	  355.8
    28	      4	   1995	    4.1	  358.6
    29	      4	   1995	    7.4	   25.4
    30	      4	   1995	   11.6	   10.4
     1	      5	   1995	    1.6	    7.0
     2	      5	   1995	   14.4	    3.8
     3	      5	   1995	   11.9	    7.4
     4	      5	   1995	   12.7	   16.6
     5	      5	   1995	   15.4	   13.6
     6	      5	   1995	   22.8	   20.7
     7	      5	   1995	    8.7	   16.6
     8	      5	   1995	   -0.5	  350.9
     9	      5	   1995	   12.6	  353.4
    10	      5	   1995	    2.0	   26.0
    11	      5	   1995	   13.6	   13.5
    12	      5	   1995	   11.5	    7.7
    13	      5	   1995	    7.7	   19.0
    14	      5	   1995	   -0.4	   26.7
    15	      5	   1995	    2.0	   20.7
    16	      5	   1995	   17.8	    8.9
    17	      5	   1995	    8.6	    9.5
    18	      5	   1995	    8.5	   32.2
    19	      5	   1995	    3.7	   16.4
    20	      5	   1995	    7.1	  357.4
    21	      5	   1995	    3.4	   10.1
    22	      5	   1995	    9.9	   23.8
    23	      5	   1995	    4.6	   26.2
    24	      5	   1995	   -1.7	   15.0
    25	      5	   1995	    7.7	  353.3
    26	      5	   1995	   11.2	   16.4
    27	      5	   1995	    9.2	  350.2
    28	      5	   1995	    7.9	    6.2
    29	      5	   1995	   17.9	   23.8
    30	      5	   1995	   11.3	   16.5
    31	      5	   1995	   14.1	   10.7
     1	      6	   1995	   12.1	   14.5
     2	      6	   1995	   16.4	    3.2
     3	      6	   1995	    2.3	  351.3
     4	      6	   1995	    8.7	    2.3
     5	      6	   1995	    6.5	    8.0
     6	      6	   1995	    7.4	    9.1
     7	      6	   1995	    5.1	   16.6
     8	      6	   1995	    1.5	    5.5
     9	      6	   1995	   18.3	  358.2
    10	      6	   1995	    8.4	    8.6
    11	      6	   1995	    1.1	   10.4
    12	      6	   1995	   10.5	   10.9
    13	      6	   1995	   15.4	    9.5
    14	      6	   1995	    1.9	   20.5
    15	      6	   1995	   21.0	   14.7
    16	      6	   1995	    3.5	   14.9
    17	      6	   1995	    9.0	   22.7
    18	      6	   1995	    1.6	    5.4
    19	      6	   1995	   10.8	  357.6
    20	      6	   1995	    5.6	   13.2
    21	      6	   1995	    3.6	   28.6
    22	      6	   1995	   21.1	    8.0
    23	      6	   1995	    3.6	    8.4
    24	      6	   1995	    3.2	   19.3
    25	      6	   1995	    5.6	   17.1
    26	      6	   1995	   14.8	   19.8
    27	      6	   1995	   10.5	  359.2
    28	      6	   1995	    3.3	    4.1
    29	      6	   1995	    6.1	   32.8
    30	      6	   1995	    2.7	    9.3
     1	      7	   1995	    6.0	   18.5
     2	      7	   1995	    3.0	   16.1
     3	      7	   1995	    9.2	   16.5
     4	      7	   1995	    9.1	   12.5
     5	      7	   1995	    2.5	   10.1
     6	      7	   1995	   13.8	   10.6
     7	      7	   1995	   15.1	  358.0
     8	      7	   1995	   15.1	    5.0
     9	      7	   1995	    9.7	   25.6
    10	      7	   1995	    4.5	   16.0
    11	      7	   1995	    5.1	    1.9
    12	      7	   1995	    4.2	    2.4
    13	      7	   1995	    5.7	    2.4
    14	      7	   1995	    4.7	    7.3
    15	      7	   1995	    9.2	   24.5
    16	      7	   1995	    1.6	   12.0
    17	      7	   1995	    6.8	  349.4
    18	      7	   1995	   12.7	   24.1
    19	      7	   1995	   10.8	    4.1
    20	      7	   1995	    4.8	    7.5
    21	      7	   1995	    9.9	    1.5
    22	      7	   1995	    4.1	   14.6
    23	      7	   1995	    6.4	   16.4
    24	      7	   1995	    4.5	  354.3
    25	      7	   1995	    1.9	    2.0
    26	      7	   1995	    7.8	   21.6
    27	      7	   1995	    5.9	    8.9
    28	      7	   1995	    7.8	   34.6
    29	      7	   1995	    3.6	   10.1
    30	      7	   1995	    1.8	   21.9
    31	      7	   1995	   14.1	   13.9
     1	      8	   1995	   16.3	    6.8
     2	      8	   1995	   10.4	  357.9
     3	      8	   1995	    7.6	    1.7
     4	      8	   1995	    5.4	   16.0
     5	      8	   1995	    7.8	  359.9
     6	      8	   1995	    4.5	   19.8
     7	      8	   1995	   16.2	   34.7
     8	      8	   1995	   18.4	   16.0
     9	      8	   1995	    5.0	    2.3
    10	      8	   1995	   12.6	    8.8
    11	      8	   1995	    4.1	   13.4
    12	      8	   1995	   11.0	    8.0
    13	      8	   1995	    0.4	   21.0
    14	      8	   1995	   19.1	  357.7
    15	      8	   1995	    4.1	   14.6
    16	      8	   1995	    6.1	   21.4
    17	      8	   1995	    4.8	  358.0
    18	      8	   1995	    8.4	   19.8
    19	      8	   1995	    8.2	    5.4
    20	      8	   1995	    5.1	    3.7
    21	      8	   1995	    8.5	   11.7
    22	      8	   1995	    6.6	    9.7
    23	      8	   1995	   13.6	   24.6
    24	      8	   1995	    6.3	    9.8
    25	      8	   1995	    9.6	   12.3
    26	      8	   1995	    8.6	   20.7
    27	      8	   1995	   11.0	    3.4
    28	      8	   1995	    8.2	   22.2
    29	      8	   1995	    3.9	  352.6
    30	      8	   1995	    6.1	    6.6
    31	      8	   1995	   13.6	   14.2
     1	      9	   1995	    3.4	   20.5
     2	      9	   1995	    9.2	   24.8
     3	      9	   1995	    6.7	    2.4
     4	      9	   1995	   14.5	   13.8
     5	      9	   1995	    2.6	   11.6
     6	      9	   1995	    0.6	    4.7
     7	      9	   1995	   19.6	  357.6
     8	      9	   1995	   19.9	   12.6
     9	      9	   1995	    5.2	   17.8
    10	      9	   1995	   -2.3	   18.0
    11	      9	   1995	    5.4	    6.6
    12	      9	   1995	   17.9	  356.3
    13	      9	   1995	    9.9	  353.5
    14	      9	   1995	   10.9	   19.0
    15	      9	   1995	    5.6	   17.3
    16	      9	   1995	   10.6	   14.3
    17	      9	   1995	   18.7	    5.0
    18	      9	   1995	   15.9	    7.3
    19	      9	   1995	    5.0	   19.0
    20	      9	   1995	    1.9	   15.5
    21	      9	   1995	   -0.3	  356.7
    22	      9	   1995	   12.8	    7.1
    23	      9	   1995	    9.1	   16.3
    24	      9	   1995	    7.6	   29.0
    25	      9	   1995	    7.1	    3.0
    26	      9	   1995	    1.7	    8.4
    27	      9	   1995	   13.6	   28.2
    28	      9	   1995	   11.4	    4.5
    29	      9	   1995	    4.0	   28.4
    30	      9	   1995	    7.3	    5.4
     1	     10	   1995	    7.0	   12.0
     2	     10	   1995	   -3.2	   18.9
     3	     10	   1995	    7.7	  359.2
     4	     10	   1995	   11.4	  332.0
     5	     10	   1995	    4.6	   23.4
     6	     10	   1995	   10.0	   16.6
     7	     10	   1995	    1.9	   14.0
     8	     10	   1995	    6.0	    2.7
     9	     10	   1995	   17.9	   25.9
    10	     10	   1995	    3.4	   11.5
    11	     10	   1995	    2.0	   11.0
    12	     10	   1995	    4.2	   29.1
    13	     10	   1995	   13.1	   22.1
    14	     10	   1995	    9.5	   35.9
    15	     10	   1995	    8.8	   15.0
    16	     10	   1995	   13.0	  353.7
    17	     10	   1995	    6.1	    3.5
    18	     10	   1995	    7.3	    0.4
    19	     10	   1995	    8.9	   30.0
    20	     10	   1995	    2.0	   11.6
    21	     10	   1995	    2.3	    6.1
    22	     10	   1995	   -1.4	    0.8
    23	     10	   1995	   15.0	   22.1
    24	     10	   1995	    1.9	    4.9
    25	     10	   1995	   -1.1	   16.2
    26	     10	   1995	    3.2	   34.3
    27	     10	   1995	   12.9	    6.6
    28	     10	   1995	    3.7	    4.7
    29	     10	   1995	    7.6	   25.0
    30	     10	   1995	    9.1	   22.0
    31	     10	   1995	   19.8	   17.5
     1	     11	   1995	    4.9	   29.5
     2	     11	   1995	    9.1	    2.9
     3	     11	   1995	   11.0	  359.5
     4	     11	   1995	   12.9	   22.1
     5	     11	   1995	   10.1	    9.4
     6	     11	   1995	   19.8	   33.9
     7	     11	   1995	   -2.1	   36.0
     8	     11	   1995	    8.7	   24.4
     9	     11	   1995	   -1.0	    3.2
    10	     11	   1995	   10.3	    7.0
    11	     11	   1995	    8.9	    4.0
    12	     11	   1995	    8.1	    8.0
    13	     11	   1995	   12.4	    1.0
    14	     11	   1995	    6.5	   18.4
    15	     11	   1995	    4.6	    5.3
    16	     11	   1995	    6.4	   24.1
    17	     11	   1995	    4.9	   13.3
    18	     11	   1995	   11.7	    0.1
    19	     11	   1995	    0.9	   15.5
    20	     11	   1995	    2.8	   15.8
    21	     11	   1995	   18.0	  355.9
    22	     11	   1995	    7.2	   13.4
    23	     11	   1995	    9.7	    9.9
    24	     11	   1995	   13.5	   21.0
    25	     11	   1995	    7.1	   22.1
    26	     11	   1995	   10.2	  358.6
    27	     11	   1995	    7.1	   12.1
    28	     11	   1995	    5.1	   17.3
    29	     11	   1995	   10.3	    0.0
    30	     11	   1995	   13.7	    9.2
     1	     12	   1995	   14.7	   12.7
     2	     12	   1995	    2.9	    3.2
     3	     12	   1995	   10.5	   16.2
     4	     12	   1995	   11.2	   12.1
     5	     12	   1995	    0.6	    8.5
     6	     12	   1995	    3.1	   14.1
     7	     12	   1995	   10.7	    7.4
     8	     12	   1995	   14.5	    0.7
     9	     12	   1995	    5.2	   14.8
    10	     12	   1995	    2.7	   13.6
    11	     12	   1995	   14.9	  346.5
    12	     12	   1995	    4.1	    6.9
    13	     12	   1995	    9.7	   16.6
    14	     12	   1995	   17.1	  354.6
    15	     12	   1995	    3.7	   12.1
    16	     12	   1995	    6.5	    7.4
    17	     12	   1995	    3.9	    5.6
    18	     12	   1995	    8.1	  356.6
    19	     12	   1995	    9.2	  359.4
    20	     12	   1995	    6.8	   11.7
    21	     12	   1995	    7.2	    6.9
    22	     12	   1995	   17.5	   10.8
    23	     12	   1995	    0.9	   17.5
    24	     12	   1995	    5.7	  350.5
    25	     12	   1995	    4.9	    2.6
    26	     12	   1995	   12.5	    8.4
    27	     12	   1995	    2.3	   30.2
    28	     12	   1995	    8.2	   12.4
    29	     12	   1995	    8.9	   23.7
    30	     12	   1995	    6.7	   15.8
    31	     12	   1995	   11.4	    0.2
