Day	 Month	 Year	 Velocity [m/s]	 Direction [°]
NAN values refers to not available data.
     1	      1	   2010	    5.1	    3.1
     2	      1	   2010	    5.1	    7.1
     3	      1	   2010	    5.4	   24.5
     4	      1	   2010	   10.2	  347.9
     5	      1	   2010	    9.2	   18.9
     6	      1	   2010	    6.6	   14.9
     7	      1	   2010	    3.9	   20.6
     8	      1	   2010	    8.3	  355.4
     9	      1	   2010	   -0.9	   13.5
    10	      1	   2010	    3.3	  353.6
    11	      1	   2010	    6.8	  358.2
    12	      1	   2010	    4.1	   10.2
    13	      1	   2010	    8.5	  352.6
    14	      1	   2010	   11.7	    8.6
    15	      1	   2010	    5.9	   13.5
    16	      1	   2010	    9.4	   13.8
    17	      1	   2010	   13.3	    0.3
    18	      1	   2010	    6.9	    8.3
    19	      1	   2010	    6.0	   10.3
    20	      1	   2010	    2.5	   15.5
    21	      1	   2010	   15.7	  353.2
    22	      1	   2010	    8.2	    3.3
    23	      1	   2010	    5.7	  352.5
    24	      1	   2010	    6.6	   13.4
    25	      1	   2010	   14.0	    9.4
    26	      1	   2010	    2.4	  355.2
    27	      1	   2010	   17.9	   10.6
    28	      1	   2010	   -0.3	    0.8
    29	      1	   2010	   13.6	    8.7
    30	      1	   2010	    7.7	   20.5
    31	      1	   2010	    2.1	  356.8
     1	      2	   2010	   11.0	   14.3
     2	      2	   2010	    4.3	    6.8
     3	      2	   2010	    4.6	  343.4
     4	      2	   2010	   10.6	   19.6
     5	      2	   2010	   -0.5	    1.5
     6	      2	   2010	    7.3	  357.6
     7	      2	   2010	    4.8	   16.3
     8	      2	   2010	   11.5	   14.4
     9	      2	   2010	    2.5	  359.3
    10	      2	   2010	    4.9	  359.0
    11	      2	   2010	   17.6	   14.4
    12	      2	   2010	   10.8	   11.4
    13	      2	   2010	    3.2	  344.8
    14	      2	   2010	    7.3	   32.5
    15	      2	   2010	   11.9	    9.7
    16	      2	   2010	   11.5	   28.3
    17	      2	   2010	    6.4	   15.6
    18	      2	   2010	   10.4	  357.0
    19	      2	   2010	   11.0	   14.9
    20	      2	   2010	    3.7	    7.2
    21	      2	   2010	   -0.6	   10.8
    22	      2	   2010	    6.3	    3.7
    23	      2	   2010	   18.2	  358.1
    24	      2	   2010	    3.3	   13.4
    25	      2	   2010	    3.2	    8.3
    26	      2	   2010	   11.1	    0.9
    27	      2	   2010	    7.5	    7.1
    28	      2	   2010	   10.5	    5.7
     1	      3	   2010	   11.6	   14.4
     2	      3	   2010	   12.8	    8.2
     3	      3	   2010	    4.2	    6.8
     4	      3	   2010	   21.9	  357.7
     5	      3	   2010	    2.6	  356.2
     6	      3	   2010	    9.9	  341.8
     7	      3	   2010	    9.6	   16.8
     8	      3	   2010	    7.0	    3.3
     9	      3	   2010	    2.3	   22.6
    10	      3	   2010	   10.6	    2.9
    11	      3	   2010	    4.7	   11.4
    12	      3	   2010	    2.4	  359.8
    13	      3	   2010	   14.4	   16.5
    14	      3	   2010	    4.4	   10.8
    15	      3	   2010	    4.7	   11.2
    16	      3	   2010	    2.9	   18.8
    17	      3	   2010	    7.4	  357.7
    18	      3	   2010	    7.3	    9.0
    19	      3	   2010	    5.6	    5.2
    20	      3	   2010	    4.2	  357.7
    21	      3	   2010	   11.0	    0.0
    22	      3	   2010	    6.7	    7.2
    23	      3	   2010	    4.8	    6.7
    24	      3	   2010	    8.9	   12.6
    25	      3	   2010	   11.9	    7.3
    26	      3	   2010	   12.6	   19.8
    27	      3	   2010	   13.9	   25.9
    28	      3	   2010	    3.1	    4.0
    29	      3	   2010	    4.9	    7.3
    30	      3	   2010	   -0.7	    5.8
    31	      3	   2010	    5.5	   11.7
     1	      4	   2010	    4.1	   15.9
     2	      4	   2010	    8.8	   11.1
     3	      4	   2010	    6.8	   13.2
     4	      4	   2010	    4.3	   10.6
     5	      4	   2010	    6.1	   25.5
     6	      4	   2010	   10.1	    9.7
     7	      4	   2010	    2.8	   10.6
     8	      4	   2010	   -0.8	    1.2
     9	      4	   2010	   15.9	  359.2
    10	      4	   2010	    8.5	   32.7
    11	      4	   2010	    9.1	  350.3
    12	      4	   2010	    6.0	   30.9
    13	      4	   2010	    9.5	    6.6
    14	      4	   2010	    1.9	   24.0
    15	      4	   2010	    5.9	    7.8
    16	      4	   2010	    6.2	    6.0
    17	      4	   2010	    6.5	    4.2
    18	      4	   2010	   14.8	   14.1
    19	      4	   2010	   12.8	  349.0
    20	      4	   2010	    7.9	   23.2
    21	      4	   2010	    1.0	   12.7
    22	      4	   2010	    5.1	   18.8
    23	      4	   2010	   15.0	    0.5
    24	      4	   2010	    4.4	   24.2
    25	      4	   2010	   -0.6	    5.8
    26	      4	   2010	    7.2	    4.7
    27	      4	   2010	    8.9	    8.2
    28	      4	   2010	    8.2	   19.8
    29	      4	   2010	   12.9	   13.4
    30	      4	   2010	    6.5	   10.0
     1	      5	   2010	   13.0	   17.1
     2	      5	   2010	    9.8	   14.6
     3	      5	   2010	    2.2	    8.4
     4	      5	   2010	    5.8	    2.7
     5	      5	   2010	    6.5	  356.4
     6	      5	   2010	    3.9	    9.8
     7	      5	   2010	   20.3	  347.9
     8	      5	   2010	   16.1	   13.6
     9	      5	   2010	    6.1	   10.9
    10	      5	   2010	    3.8	  348.2
    11	      5	   2010	    7.4	  339.2
    12	      5	   2010	    8.1	    1.8
    13	      5	   2010	   13.6	   16.4
    14	      5	   2010	    7.0	    7.8
    15	      5	   2010	   12.1	   12.2
    16	      5	   2010	    3.9	   13.4
    17	      5	   2010	    6.7	   25.9
    18	      5	   2010	   15.3	    7.4
    19	      5	   2010	   19.9	    5.5
    20	      5	   2010	    7.2	    2.5
    21	      5	   2010	    5.0	  347.4
    22	      5	   2010	   11.9	    5.3
    23	      5	   2010	    5.4	   10.7
    24	      5	   2010	    9.3	  351.4
    25	      5	   2010	   14.1	  350.6
    26	      5	   2010	    1.7	    8.8
    27	      5	   2010	    7.2	    8.4
    28	      5	   2010	    7.8	   25.4
    29	      5	   2010	    6.4	  353.8
    30	      5	   2010	    9.9	   12.9
    31	      5	   2010	    4.7	   16.7
     1	      6	   2010	    7.2	    3.2
     2	      6	   2010	    2.3	    4.4
     3	      6	   2010	    8.4	    6.1
     4	      6	   2010	   10.1	  358.0
     5	      6	   2010	    6.4	    3.0
     6	      6	   2010	   12.1	  352.4
     7	      6	   2010	    8.4	   19.2
     8	      6	   2010	    4.9	   14.0
     9	      6	   2010	   10.7	  353.0
    10	      6	   2010	   16.0	    9.9
    11	      6	   2010	   13.1	   24.7
    12	      6	   2010	   10.3	    9.8
    13	      6	   2010	   14.2	  359.1
    14	      6	   2010	   -0.5	  358.5
    15	      6	   2010	   18.1	   11.5
    16	      6	   2010	   15.1	   10.7
    17	      6	   2010	    8.8	   13.9
    18	      6	   2010	   12.5	   13.6
    19	      6	   2010	   20.4	    6.1
    20	      6	   2010	    4.0	   15.8
    21	      6	   2010	   12.9	    6.2
    22	      6	   2010	    3.0	   24.0
    23	      6	   2010	   13.8	  353.8
    24	      6	   2010	    5.4	  359.9
    25	      6	   2010	    7.6	  343.2
    26	      6	   2010	    8.2	   18.3
    27	      6	   2010	    5.4	    7.0
    28	      6	   2010	    5.7	   19.9
    29	      6	   2010	    7.2	    5.2
    30	      6	   2010	   10.5	   16.9
     1	      7	   2010	   11.4	  352.3
     2	      7	   2010	   15.3	   15.6
     3	      7	   2010	   17.1	    5.4
     4	      7	   2010	    3.3	    6.9
     5	      7	   2010	   11.1	  353.2
     6	      7	   2010	   11.6	   21.8
     7	      7	   2010	    9.9	  343.2
     8	      7	   2010	    7.4	  359.7
     9	      7	   2010	   -1.0	    7.4
    10	      7	   2010	    4.0	   19.9
    11	      7	   2010	   12.7	   15.0
    12	      7	   2010	    9.0	   14.0
    13	      7	   2010	    8.3	    1.3
    14	      7	   2010	    9.2	  344.9
    15	      7	   2010	    7.0	    3.7
    16	      7	   2010	    4.0	    7.0
    17	      7	   2010	   18.8	   10.7
    18	      7	   2010	   -0.5	   11.0
    19	      7	   2010	   21.9	    7.5
    20	      7	   2010	   19.3	   17.6
    21	      7	   2010	    4.1	  354.9
    22	      7	   2010	    7.6	    1.9
    23	      7	   2010	   11.3	   13.1
    24	      7	   2010	   12.5	  350.9
    25	      7	   2010	    2.4	  357.6
    26	      7	   2010	   15.1	   15.8
    27	      7	   2010	    8.0	   23.0
    28	      7	   2010	    6.0	    2.3
    29	      7	   2010	    7.3	    3.9
    30	      7	   2010	    5.3	    2.0
    31	      7	   2010	    8.2	    5.0
     1	      8	   2010	   11.4	    9.8
     2	      8	   2010	    6.4	    5.0
     3	      8	   2010	    9.4	   20.4
     4	      8	   2010	    1.5	  359.1
     5	      8	   2010	   10.0	    5.3
     6	      8	   2010	    8.3	  344.1
     7	      8	   2010	    1.7	    1.9
     8	      8	   2010	   13.7	   17.9
     9	      8	   2010	    2.3	    5.4
    10	      8	   2010	    4.9	   12.2
    11	      8	   2010	    5.6	   14.3
    12	      8	   2010	   17.6	   13.9
    13	      8	   2010	    5.5	    4.0
    14	      8	   2010	   12.0	   22.0
    15	      8	   2010	    7.8	   12.0
    16	      8	   2010	    4.6	    8.2
    17	      8	   2010	   10.9	    7.0
    18	      8	   2010	   -0.7	  347.2
    19	      8	   2010	    2.2	  358.7
    20	      8	   2010	   12.9	    9.1
    21	      8	   2010	    9.1	    2.0
    22	      8	   2010	   10.5	  357.7
    23	      8	   2010	    3.4	    8.2
    24	      8	   2010	    5.0	   14.3
    25	      8	   2010	   16.8	   12.6
    26	      8	   2010	    9.1	    6.7
    27	      8	   2010	    1.8	    0.1
    28	      8	   2010	    7.6	   17.8
    29	      8	   2010	    5.7	    7.3
    30	      8	   2010	   11.5	   16.0
    31	      8	   2010	    5.7	    6.4
     1	      9	   2010	    1.2	    8.9
     2	      9	   2010	    5.0	  351.8
     3	      9	   2010	    8.4	    2.1
     4	      9	   2010	   17.8	  350.4
     5	      9	   2010	    7.7	   23.4
     6	      9	   2010	   15.4	    2.4
     7	      9	   2010	    9.7	    9.9
     8	      9	   2010	   11.7	   10.5
     9	      9	   2010	    9.7	   19.1
    10	      9	   2010	    6.8	    7.4
    11	      9	   2010	    4.8	    6.9
    12	      9	   2010	   10.7	    4.6
    13	      9	   2010	    8.1	    9.3
    14	      9	   2010	    4.1	  358.6
    15	      9	   2010	    1.5	    2.8
    16	      9	   2010	   12.0	    3.2
    17	      9	   2010	    4.0	   14.2
    18	      9	   2010	   12.9	  353.4
    19	      9	   2010	    6.4	   13.1
    20	      9	   2010	    8.2	    9.4
    21	      9	   2010	    7.1	    0.0
    22	      9	   2010	   16.6	   15.9
    23	      9	   2010	    1.6	   13.2
    24	      9	   2010	    7.0	    6.6
    25	      9	   2010	    4.1	    9.9
    26	      9	   2010	   12.8	    6.3
    27	      9	   2010	   12.8	   19.9
    28	      9	   2010	    7.4	  346.4
    29	      9	   2010	    5.4	   28.5
    30	      9	   2010	   10.0	    5.7
     1	     10	   2010	    3.2	   23.3
     2	     10	   2010	   11.0	   23.1
     3	     10	   2010	   16.4	  357.1
     4	     10	   2010	    3.9	    5.5
     5	     10	   2010	   13.9	    2.3
     6	     10	   2010	    7.0	    9.9
     7	     10	   2010	    5.5	   26.4
     8	     10	   2010	    1.4	  355.4
     9	     10	   2010	    9.9	    5.3
    10	     10	   2010	   11.0	    3.1
    11	     10	   2010	    6.3	    3.0
    12	     10	   2010	    9.5	   15.4
    13	     10	   2010	    5.4	   10.8
    14	     10	   2010	   15.3	  342.3
    15	     10	   2010	   13.7	  357.3
    16	     10	   2010	   10.2	    4.2
    17	     10	   2010	   11.5	   12.2
    18	     10	   2010	   12.8	   18.6
    19	     10	   2010	   19.6	   17.8
    20	     10	   2010	    4.8	  347.4
    21	     10	   2010	    7.9	  351.7
    22	     10	   2010	    8.2	    6.2
    23	     10	   2010	   -0.3	    0.6
    24	     10	   2010	    7.6	    7.6
    25	     10	   2010	   17.9	   13.6
    26	     10	   2010	    9.5	   19.2
    27	     10	   2010	    7.0	  357.6
    28	     10	   2010	   10.0	  358.1
    29	     10	   2010	   16.0	    9.6
    30	     10	   2010	   12.1	    1.8
    31	     10	   2010	    3.7	   13.7
     1	     11	   2010	    4.1	    1.3
     2	     11	   2010	    9.4	   28.8
     3	     11	   2010	    3.4	    1.3
     4	     11	   2010	    7.7	   19.5
     5	     11	   2010	   -0.3	  346.9
     6	     11	   2010	    2.8	    0.8
     7	     11	   2010	    3.1	  358.4
     8	     11	   2010	    1.7	  352.0
     9	     11	   2010	    8.1	   18.2
    10	     11	   2010	    9.3	    9.7
    11	     11	   2010	    7.5	    9.8
    12	     11	   2010	   12.1	  359.4
    13	     11	   2010	    0.0	   21.3
    14	     11	   2010	    6.1	   17.4
    15	     11	   2010	    5.0	   14.4
    16	     11	   2010	   -0.4	  355.1
    17	     11	   2010	    4.8	   22.6
    18	     11	   2010	   12.8	  356.5
    19	     11	   2010	    9.3	    8.1
    20	     11	   2010	    9.2	   22.8
    21	     11	   2010	    4.1	   10.7
    22	     11	   2010	    8.3	   16.2
    23	     11	   2010	    9.6	   17.5
    24	     11	   2010	   11.6	   13.9
    25	     11	   2010	   -0.4	   12.2
    26	     11	   2010	   14.3	    0.8
    27	     11	   2010	    8.5	    9.4
    28	     11	   2010	   -0.4	    4.5
    29	     11	   2010	    9.0	    9.9
    30	     11	   2010	   14.1	   15.6
     1	     12	   2010	    5.5	  354.2
     2	     12	   2010	    4.2	  351.8
     3	     12	   2010	    6.0	   15.8
     4	     12	   2010	    5.9	   11.9
     5	     12	   2010	   11.0	    0.9
     6	     12	   2010	   17.2	    6.0
     7	     12	   2010	    6.0	    9.0
     8	     12	   2010	   15.6	    8.9
     9	     12	   2010	    3.2	   22.2
    10	     12	   2010	   16.7	   15.4
    11	     12	   2010	    9.2	    7.3
    12	     12	   2010	    9.4	  358.2
    13	     12	   2010	    3.1	  342.0
    14	     12	   2010	   13.9	   13.7
    15	     12	   2010	    3.6	   13.3
    16	     12	   2010	    4.8	   17.2
    17	     12	   2010	    7.4	   21.0
    18	     12	   2010	    8.0	    4.8
    19	     12	   2010	   13.6	   22.3
    20	     12	   2010	   19.2	   12.5
    21	     12	   2010	   14.5	  359.0
    22	     12	   2010	   11.8	  355.8
    23	     12	   2010	    8.7	    8.5
    24	     12	   2010	   12.9	   14.8
    25	     12	   2010	   13.9	   12.7
    26	     12	   2010	    1.6	   20.7
    27	     12	   2010	   -0.5	   17.3
    28	     12	   2010	   10.4	    9.9
    29	     12	   2010	   15.0	    4.5
    30	     12	   2010	    4.2	   19.6
    31	     12	   2010	    8.6	    2.3
