Day	 Month	 Year	 Velocity [m/s]	 Direction [°]
NAN values refers to not available data.
     1	      1	   2010	    0.2	  108.2
     2	      1	   2010	    3.8	   99.3
     3	      1	   2010	    0.4	  167.0
     4	      1	   2010	    0.6	  129.2
     5	      1	   2010	    2.8	  122.2
     6	      1	   2010	    0.9	  144.3
     7	      1	   2010	    1.6	  121.1
     8	      1	   2010	    0.2	  156.1
     9	      1	   2010	    1.3	  153.4
    10	      1	   2010	    9.9	  144.0
    11	      1	   2010	    0.7	  108.7
    12	      1	   2010	    2.6	  157.3
    13	      1	   2010	    3.2	  165.3
    14	      1	   2010	    1.3	  135.9
    15	      1	   2010	    0.4	  155.6
    16	      1	   2010	    0.2	  159.4
    17	      1	   2010	    6.9	  148.7
    18	      1	   2010	    3.0	  105.5
    19	      1	   2010	   15.4	  109.8
    20	      1	   2010	    8.5	  163.2
    21	      1	   2010	   -0.0	  158.3
    22	      1	   2010	   -0.2	  112.6
    23	      1	   2010	   -0.2	  141.2
    24	      1	   2010	    0.0	  116.3
    25	      1	   2010	    0.9	   98.9
    26	      1	   2010	    4.3	  115.7
    27	      1	   2010	   10.1	  125.8
    28	      1	   2010	    2.2	  135.7
    29	      1	   2010	   15.1	  138.1
    30	      1	   2010	   -0.1	  169.7
    31	      1	   2010	    1.1	  136.1
     1	      2	   2010	    5.3	  102.7
     2	      2	   2010	    2.5	  146.8
     3	      2	   2010	    1.2	  146.2
     4	      2	   2010	    4.0	  120.6
     5	      2	   2010	    4.1	  162.2
     6	      2	   2010	    7.0	  141.5
     7	      2	   2010	    6.9	  121.8
     8	      2	   2010	    9.9	  113.9
     9	      2	   2010	    0.6	  108.8
    10	      2	   2010	    7.3	  134.6
    11	      2	   2010	    6.0	  137.8
    12	      2	   2010	    5.0	  144.0
    13	      2	   2010	    2.7	  158.3
    14	      2	   2010	   12.9	  124.4
    15	      2	   2010	    1.0	  128.1
    16	      2	   2010	    1.3	  155.8
    17	      2	   2010	    2.1	  141.2
    18	      2	   2010	    1.7	  121.4
    19	      2	   2010	    2.7	  119.5
    20	      2	   2010	    1.1	  140.8
    21	      2	   2010	    0.8	  100.1
    22	      2	   2010	    3.9	  115.5
    23	      2	   2010	    1.1	   99.9
    24	      2	   2010	   16.3	  133.2
    25	      2	   2010	    1.6	  150.1
    26	      2	   2010	    4.0	  110.9
    27	      2	   2010	    2.7	  140.9
    28	      2	   2010	    2.7	  165.8
     1	      3	   2010	    0.3	  134.6
     2	      3	   2010	   -0.2	  133.1
     3	      3	   2010	    1.0	  136.3
     4	      3	   2010	    0.6	  138.2
     5	      3	   2010	    1.6	   88.6
     6	      3	   2010	    3.3	  131.2
     7	      3	   2010	    1.5	  138.6
     8	      3	   2010	    4.1	  144.2
     9	      3	   2010	    0.4	  120.4
    10	      3	   2010	   -0.0	  102.0
    11	      3	   2010	    3.2	  143.4
    12	      3	   2010	    0.0	  164.7
    13	      3	   2010	    1.3	  164.4
    14	      3	   2010	    0.7	  143.2
    15	      3	   2010	    0.7	  151.6
    16	      3	   2010	    0.7	  105.4
    17	      3	   2010	    0.7	  119.7
    18	      3	   2010	    0.9	  125.5
    19	      3	   2010	    0.1	  153.9
    20	      3	   2010	    1.4	  128.6
    21	      3	   2010	    2.2	  141.1
    22	      3	   2010	    4.2	  123.0
    23	      3	   2010	    7.6	  127.6
    24	      3	   2010	    0.3	  110.8
    25	      3	   2010	    1.2	  133.5
    26	      3	   2010	    4.3	  115.4
    27	      3	   2010	    3.9	  126.6
    28	      3	   2010	    1.0	  173.9
    29	      3	   2010	    4.4	  128.5
    30	      3	   2010	    8.0	  125.4
    31	      3	   2010	    5.0	  128.7
     1	      4	   2010	    4.8	  108.8
     2	      4	   2010	    4.5	  142.2
     3	      4	   2010	    3.8	  101.6
     4	      4	   2010	    9.8	  141.2
     5	      4	   2010	    3.2	  145.0
     6	      4	   2010	    1.2	  139.4
     7	      4	   2010	    4.9	  142.2
     8	      4	   2010	    1.6	  129.0
     9	      4	   2010	   -0.0	  122.3
    10	      4	   2010	    1.7	  157.1
    11	      4	   2010	    1.6	  123.5
    12	      4	   2010	    2.5	  121.0
    13	      4	   2010	   -0.1	  139.1
    14	      4	   2010	   11.6	  139.8
    15	      4	   2010	    1.6	  147.7
    16	      4	   2010	    5.0	  127.1
    17	      4	   2010	    0.7	  157.5
    18	      4	   2010	    2.7	  139.1
    19	      4	   2010	    3.5	  134.1
    20	      4	   2010	    2.9	  129.3
    21	      4	   2010	    1.8	  132.2
    22	      4	   2010	    8.7	  184.6
    23	      4	   2010	   11.8	  148.8
    24	      4	   2010	    4.6	  120.7
    25	      4	   2010	    1.1	  105.6
    26	      4	   2010	    1.9	  114.6
    27	      4	   2010	   -0.0	  139.7
    28	      4	   2010	    4.2	  103.2
    29	      4	   2010	    0.4	  110.2
    30	      4	   2010	    0.4	  136.4
     1	      5	   2010	    5.4	  139.4
     2	      5	   2010	   -0.2	  130.8
     3	      5	   2010	    0.1	   87.9
     4	      5	   2010	    4.4	  111.3
     5	      5	   2010	   -0.3	  165.9
     6	      5	   2010	    2.1	  126.2
     7	      5	   2010	    2.4	  134.6
     8	      5	   2010	    0.6	  145.1
     9	      5	   2010	   -0.7	  148.4
    10	      5	   2010	    2.4	  141.8
    11	      5	   2010	   11.3	  139.4
    12	      5	   2010	    2.0	  111.0
    13	      5	   2010	    5.5	  132.2
    14	      5	   2010	    2.9	  137.5
    15	      5	   2010	    1.1	  120.5
    16	      5	   2010	   -0.2	  115.1
    17	      5	   2010	    5.2	   94.0
    18	      5	   2010	    2.2	  133.0
    19	      5	   2010	    0.3	  139.2
    20	      5	   2010	    2.0	  116.8
    21	      5	   2010	    4.4	  157.9
    22	      5	   2010	    2.2	  139.7
    23	      5	   2010	   -0.0	   68.6
    24	      5	   2010	    6.2	  135.0
    25	      5	   2010	    1.6	  146.0
    26	      5	   2010	    0.4	  159.5
    27	      5	   2010	    5.9	  114.8
    28	      5	   2010	    3.4	  127.9
    29	      5	   2010	    1.2	  168.3
    30	      5	   2010	    0.3	  143.8
    31	      5	   2010	    2.8	  118.9
     1	      6	   2010	    3.1	  134.7
     2	      6	   2010	    5.1	   99.1
     3	      6	   2010	    2.0	  110.6
     4	      6	   2010	   -0.1	  103.2
     5	      6	   2010	   -0.3	  141.3
     6	      6	   2010	   -0.2	  125.3
     7	      6	   2010	    7.5	  115.3
     8	      6	   2010	    1.4	  126.0
     9	      6	   2010	    0.5	  142.2
    10	      6	   2010	    0.2	  135.4
    11	      6	   2010	    5.2	  114.2
    12	      6	   2010	    3.0	  154.0
    13	      6	   2010	    6.3	  134.9
    14	      6	   2010	    2.5	  123.2
    15	      6	   2010	    1.2	  159.5
    16	      6	   2010	    8.7	  117.3
    17	      6	   2010	    9.0	  129.8
    18	      6	   2010	    0.0	  115.6
    19	      6	   2010	    1.9	  138.3
    20	      6	   2010	    7.4	  133.9
    21	      6	   2010	    0.4	  122.6
    22	      6	   2010	    0.6	  103.7
    23	      6	   2010	    6.0	  139.5
    24	      6	   2010	    4.1	   90.4
    25	      6	   2010	    7.8	  123.3
    26	      6	   2010	    3.4	   59.9
    27	      6	   2010	    2.9	  147.0
    28	      6	   2010	    1.6	  111.6
    29	      6	   2010	    4.2	  106.8
    30	      6	   2010	    2.8	   99.5
     1	      7	   2010	    0.2	  101.1
     2	      7	   2010	   -0.1	  177.8
     3	      7	   2010	    1.6	  132.9
     4	      7	   2010	    0.7	  131.8
     5	      7	   2010	   -0.1	  124.4
     6	      7	   2010	    9.5	  136.2
     7	      7	   2010	    0.4	  129.2
     8	      7	   2010	   13.9	  137.0
     9	      7	   2010	    2.1	  144.7
    10	      7	   2010	    1.9	  142.6
    11	      7	   2010	    1.4	  139.5
    12	      7	   2010	    6.2	  106.2
    13	      7	   2010	    2.9	  128.6
    14	      7	   2010	   -0.1	  112.0
    15	      7	   2010	    0.4	  127.4
    16	      7	   2010	    2.2	  118.6
    17	      7	   2010	    5.3	  142.8
    18	      7	   2010	    0.7	  110.6
    19	      7	   2010	    3.7	   94.6
    20	      7	   2010	    0.8	  167.1
    21	      7	   2010	    8.3	  123.0
    22	      7	   2010	    0.4	  124.8
    23	      7	   2010	    4.7	  141.6
    24	      7	   2010	    1.4	  112.3
    25	      7	   2010	    8.3	  150.1
    26	      7	   2010	    0.2	  119.6
    27	      7	   2010	    0.3	  128.7
    28	      7	   2010	    4.4	  126.4
    29	      7	   2010	   -0.0	  114.0
    30	      7	   2010	    5.8	  151.5
    31	      7	   2010	    5.3	  130.0
     1	      8	   2010	    0.8	  149.7
     2	      8	   2010	   12.5	  132.6
     3	      8	   2010	    0.4	  117.1
     4	      8	   2010	    3.5	  147.0
     5	      8	   2010	    7.9	  122.9
     6	      8	   2010	    1.8	  143.9
     7	      8	   2010	    0.3	  127.0
     8	      8	   2010	   -0.2	  123.1
     9	      8	   2010	    2.0	  135.3
    10	      8	   2010	    8.7	  126.5
    11	      8	   2010	    1.1	  121.6
    12	      8	   2010	    2.0	  151.6
    13	      8	   2010	    2.2	  186.5
    14	      8	   2010	    3.3	  153.5
    15	      8	   2010	    2.2	  152.7
    16	      8	   2010	    6.7	  147.5
    17	      8	   2010	    1.3	  129.4
    18	      8	   2010	    0.2	  162.6
    19	      8	   2010	   -0.5	  156.1
    20	      8	   2010	    4.7	  127.7
    21	      8	   2010	    0.4	  123.8
    22	      8	   2010	    0.3	  121.1
    23	      8	   2010	    0.7	  167.8
    24	      8	   2010	    1.7	  122.1
    25	      8	   2010	   -0.1	  156.8
    26	      8	   2010	    0.1	  125.8
    27	      8	   2010	    1.5	  118.6
    28	      8	   2010	    0.5	  123.3
    29	      8	   2010	    5.7	  131.2
    30	      8	   2010	    0.9	  132.5
    31	      8	   2010	    7.7	  131.5
     1	      9	   2010	    3.8	  141.2
     2	      9	   2010	    3.7	  143.3
     3	      9	   2010	    3.1	  130.7
     4	      9	   2010	    6.4	   84.5
     5	      9	   2010	   12.3	  116.0
     6	      9	   2010	    4.2	  146.2
     7	      9	   2010	    0.9	  167.4
     8	      9	   2010	   -0.7	   93.1
     9	      9	   2010	   -0.0	  128.0
    10	      9	   2010	    2.0	  107.7
    11	      9	   2010	    7.4	  140.4
    12	      9	   2010	   -0.6	  123.9
    13	      9	   2010	    5.6	  144.2
    14	      9	   2010	   11.4	  131.8
    15	      9	   2010	    4.5	  115.5
    16	      9	   2010	    7.0	  110.0
    17	      9	   2010	    0.4	  146.5
    18	      9	   2010	    0.6	  132.7
    19	      9	   2010	    7.3	  119.7
    20	      9	   2010	    5.5	  141.6
    21	      9	   2010	    3.0	  125.7
    22	      9	   2010	    9.4	  123.7
    23	      9	   2010	    1.6	  181.9
    24	      9	   2010	    4.3	  131.1
    25	      9	   2010	    1.5	  148.5
    26	      9	   2010	    1.1	  168.3
    27	      9	   2010	    3.7	  111.3
    28	      9	   2010	    2.7	  125.1
    29	      9	   2010	    1.5	  122.4
    30	      9	   2010	    0.1	  145.3
     1	     10	   2010	   -0.1	  117.7
     2	     10	   2010	    0.2	  149.5
     3	     10	   2010	    8.6	  178.0
     4	     10	   2010	   -0.1	  157.5
     5	     10	   2010	    0.1	  100.0
     6	     10	   2010	   -1.1	  154.0
     7	     10	   2010	    2.2	  121.6
     8	     10	   2010	    5.2	  149.0
     9	     10	   2010	    1.6	  110.7
    10	     10	   2010	    2.1	  122.0
    11	     10	   2010	    0.5	  129.9
    12	     10	   2010	    6.3	  115.6
    13	     10	   2010	    0.5	  128.9
    14	     10	   2010	    5.9	  132.6
    15	     10	   2010	    0.9	  139.9
    16	     10	   2010	    2.8	  116.7
    17	     10	   2010	    2.4	  102.7
    18	     10	   2010	    0.9	  145.4
    19	     10	   2010	    2.5	  139.8
    20	     10	   2010	    4.4	  147.3
    21	     10	   2010	    8.8	  134.0
    22	     10	   2010	    3.7	  146.1
    23	     10	   2010	   -0.0	  141.5
    24	     10	   2010	    2.1	  156.1
    25	     10	   2010	    3.5	  134.5
    26	     10	   2010	    6.9	  114.7
    27	     10	   2010	    2.7	  151.9
    28	     10	   2010	   -0.2	  104.6
    29	     10	   2010	    6.0	  111.5
    30	     10	   2010	    0.4	  164.3
    31	     10	   2010	    6.1	  135.0
     1	     11	   2010	    1.9	  184.1
     2	     11	   2010	   10.4	  116.5
     3	     11	   2010	    7.5	  141.4
     4	     11	   2010	    3.0	  105.3
     5	     11	   2010	    0.4	  123.8
     6	     11	   2010	    5.8	   85.8
     7	     11	   2010	    6.3	  114.7
     8	     11	   2010	    5.2	  107.5
     9	     11	   2010	    3.3	  110.1
    10	     11	   2010	    0.4	  143.5
    11	     11	   2010	   -0.3	  176.3
    12	     11	   2010	   11.0	  156.6
    13	     11	   2010	   -0.1	  128.2
    14	     11	   2010	   14.1	  136.9
    15	     11	   2010	    4.5	  159.0
    16	     11	   2010	    2.9	  139.5
    17	     11	   2010	    0.6	  146.7
    18	     11	   2010	    1.8	  134.8
    19	     11	   2010	   15.8	  118.6
    20	     11	   2010	    1.8	  128.6
    21	     11	   2010	   -1.1	  114.5
    22	     11	   2010	    5.0	  135.2
    23	     11	   2010	    4.0	  133.9
    24	     11	   2010	    6.1	  137.4
    25	     11	   2010	    2.1	  145.4
    26	     11	   2010	    3.1	  137.8
    27	     11	   2010	    2.3	  136.8
    28	     11	   2010	    2.3	  144.2
    29	     11	   2010	    2.7	  129.8
    30	     11	   2010	    3.7	  129.1
     1	     12	   2010	    4.1	  119.0
     2	     12	   2010	    2.2	  121.4
     3	     12	   2010	    1.6	  107.8
     4	     12	   2010	    4.6	  152.2
     5	     12	   2010	    1.6	  156.4
     6	     12	   2010	    3.2	  110.5
     7	     12	   2010	    3.8	  136.9
     8	     12	   2010	    8.7	  124.9
     9	     12	   2010	    2.9	  155.5
    10	     12	   2010	    0.7	   80.7
    11	     12	   2010	    1.7	  120.1
    12	     12	   2010	   -0.1	  155.7
    13	     12	   2010	    2.6	  113.6
    14	     12	   2010	   11.2	  183.9
    15	     12	   2010	    0.6	  121.3
    16	     12	   2010	    9.2	  141.5
    17	     12	   2010	    3.7	  102.1
    18	     12	   2010	    1.8	   97.0
    19	     12	   2010	    2.1	  137.1
    20	     12	   2010	    1.1	  104.8
    21	     12	   2010	   10.2	  166.6
    22	     12	   2010	    2.0	  117.0
    23	     12	   2010	    1.6	  160.2
    24	     12	   2010	    1.0	  134.2
    25	     12	   2010	   10.2	  129.4
    26	     12	   2010	    5.9	   97.8
    27	     12	   2010	    0.4	  127.9
    28	     12	   2010	    4.1	  158.4
    29	     12	   2010	    1.1	  110.6
    30	     12	   2010	    2.7	  119.1
    31	     12	   2010	    5.9	  123.7
