Day	 Month	 Year	 Velocity [m/s]	 Direction [°]
NAN values refers to not available data.
     1	      1	   2010	    1.5	  265.6
     2	      1	   2010	    3.0	  267.7
     3	      1	   2010	    1.5	  286.7
     4	      1	   2010	   -0.1	  271.3
     5	      1	   2010	   -0.2	  259.1
     6	      1	   2010	    3.7	  260.2
     7	      1	   2010	    4.9	  261.0
     8	      1	   2010	    2.2	  242.3
     9	      1	   2010	    3.3	  283.9
    10	      1	   2010	    1.5	  253.2
    11	      1	   2010	    5.6	  268.3
    12	      1	   2010	    0.0	  280.3
    13	      1	   2010	    4.4	  276.2
    14	      1	   2010	    7.4	  267.8
    15	      1	   2010	    5.6	  249.5
    16	      1	   2010	    2.8	  252.1
    17	      1	   2010	    6.0	  266.2
    18	      1	   2010	    6.2	  266.7
    19	      1	   2010	    3.4	  282.0
    20	      1	   2010	   -0.3	  258.2
    21	      1	   2010	    4.2	  262.9
    22	      1	   2010	    1.6	  268.7
    23	      1	   2010	    1.2	  242.6
    24	      1	   2010	    2.6	  270.0
    25	      1	   2010	    4.3	  250.0
    26	      1	   2010	    2.8	  272.3
    27	      1	   2010	    3.0	  272.2
    28	      1	   2010	    2.4	  233.0
    29	      1	   2010	    1.8	  269.2
    30	      1	   2010	    2.6	  265.8
    31	      1	   2010	    2.3	  264.3
     1	      2	   2010	    3.7	  270.9
     2	      2	   2010	    4.8	  247.1
     3	      2	   2010	    2.5	  294.9
     4	      2	   2010	    2.2	  265.8
     5	      2	   2010	    4.9	  276.3
     6	      2	   2010	    5.6	  249.4
     7	      2	   2010	    5.0	  277.3
     8	      2	   2010	    1.2	  252.1
     9	      2	   2010	    7.5	  261.4
    10	      2	   2010	    7.2	  261.4
    11	      2	   2010	    9.4	  259.0
    12	      2	   2010	    2.5	  256.7
    13	      2	   2010	    2.5	  282.0
    14	      2	   2010	    2.9	  264.1
    15	      2	   2010	    3.8	  269.4
    16	      2	   2010	    2.1	  256.9
    17	      2	   2010	   -0.2	  265.6
    18	      2	   2010	    3.6	  259.1
    19	      2	   2010	    3.3	  276.3
    20	      2	   2010	    5.4	  261.4
    21	      2	   2010	    2.9	  251.3
    22	      2	   2010	    2.1	  269.2
    23	      2	   2010	    3.1	  274.2
    24	      2	   2010	    2.0	  270.5
    25	      2	   2010	    2.9	  250.4
    26	      2	   2010	    5.5	  265.3
    27	      2	   2010	    5.2	  263.4
    28	      2	   2010	    4.6	  274.1
     1	      3	   2010	    4.8	  256.1
     2	      3	   2010	   -0.3	  273.0
     3	      3	   2010	   -0.2	  259.7
     4	      3	   2010	    8.2	  262.2
     5	      3	   2010	    2.8	  250.9
     6	      3	   2010	    4.6	  264.1
     7	      3	   2010	    4.7	  270.5
     8	      3	   2010	    7.4	  251.4
     9	      3	   2010	   -0.2	  270.2
    10	      3	   2010	    6.1	  251.4
    11	      3	   2010	   -0.1	  261.8
    12	      3	   2010	    5.3	  270.1
    13	      3	   2010	    4.8	  285.5
    14	      3	   2010	    5.8	  258.1
    15	      3	   2010	    4.0	  230.1
    16	      3	   2010	   -0.2	  279.9
    17	      3	   2010	    5.7	  264.5
    18	      3	   2010	    5.7	  276.8
    19	      3	   2010	    2.0	  276.8
    20	      3	   2010	    4.7	  282.4
    21	      3	   2010	    4.1	  261.6
    22	      3	   2010	    1.1	  269.8
    23	      3	   2010	    1.9	  280.0
    24	      3	   2010	    2.9	  276.1
    25	      3	   2010	    5.2	  269.1
    26	      3	   2010	    0.0	  261.5
    27	      3	   2010	    2.7	  264.3
    28	      3	   2010	    1.8	  267.2
    29	      3	   2010	    1.3	  235.8
    30	      3	   2010	    1.8	  279.7
    31	      3	   2010	    1.8	  264.7
     1	      4	   2010	   -0.4	  253.3
     2	      4	   2010	    4.2	  269.1
     3	      4	   2010	    1.7	  260.2
     4	      4	   2010	    2.2	  257.2
     5	      4	   2010	    1.6	  266.7
     6	      4	   2010	    3.4	  261.0
     7	      4	   2010	    4.1	  265.8
     8	      4	   2010	    1.3	  260.9
     9	      4	   2010	    2.9	  276.6
    10	      4	   2010	    3.4	  270.2
    11	      4	   2010	    1.9	  268.2
    12	      4	   2010	    1.8	  273.5
    13	      4	   2010	    3.3	  251.9
    14	      4	   2010	    2.5	  262.6
    15	      4	   2010	    4.0	  278.0
    16	      4	   2010	   -0.4	  261.7
    17	      4	   2010	    4.3	  273.3
    18	      4	   2010	    0.0	  271.6
    19	      4	   2010	    5.5	  263.5
    20	      4	   2010	    1.2	  255.0
    21	      4	   2010	    4.8	  267.1
    22	      4	   2010	    3.1	  269.9
    23	      4	   2010	    6.4	  258.5
    24	      4	   2010	    1.5	  271.3
    25	      4	   2010	   -0.2	  268.1
    26	      4	   2010	    3.1	  282.0
    27	      4	   2010	    1.8	  268.8
    28	      4	   2010	    4.2	  269.1
    29	      4	   2010	    2.6	  269.7
    30	      4	   2010	    2.8	  266.2
     1	      5	   2010	    4.2	  268.8
     2	      5	   2010	   -0.1	  282.0
     3	      5	   2010	   -0.4	  261.7
     4	      5	   2010	   -0.1	  273.8
     5	      5	   2010	    2.9	  262.2
     6	      5	   2010	    1.1	  262.5
     7	      5	   2010	    2.3	  264.9
     8	      5	   2010	    4.7	  262.2
     9	      5	   2010	   -0.5	  277.6
    10	      5	   2010	    4.0	  281.0
    11	      5	   2010	    1.4	  270.4
    12	      5	   2010	    5.4	  287.1
    13	      5	   2010	    4.9	  240.1
    14	      5	   2010	    2.2	  264.6
    15	      5	   2010	    3.1	  258.2
    16	      5	   2010	    2.4	  281.9
    17	      5	   2010	    7.7	  249.7
    18	      5	   2010	    2.7	  277.5
    19	      5	   2010	    5.2	  264.9
    20	      5	   2010	    3.5	  239.4
    21	      5	   2010	    5.7	  273.1
    22	      5	   2010	    1.3	  274.2
    23	      5	   2010	    2.7	  260.6
    24	      5	   2010	    3.7	  263.8
    25	      5	   2010	    4.2	  276.8
    26	      5	   2010	    5.5	  255.1
    27	      5	   2010	    2.1	  268.3
    28	      5	   2010	    2.6	  262.3
    29	      5	   2010	   -0.3	  257.9
    30	      5	   2010	    2.1	  269.0
    31	      5	   2010	   -0.2	  270.1
     1	      6	   2010	    1.4	  267.3
     2	      6	   2010	    6.2	  266.7
     3	      6	   2010	    4.2	  248.5
     4	      6	   2010	    4.7	  264.1
     5	      6	   2010	    3.8	  282.2
     6	      6	   2010	    2.0	  259.9
     7	      6	   2010	    3.0	  271.6
     8	      6	   2010	   -0.2	  276.1
     9	      6	   2010	    4.1	  278.5
    10	      6	   2010	    3.5	  287.8
    11	      6	   2010	    5.9	  267.1
    12	      6	   2010	    1.6	  256.9
    13	      6	   2010	    1.3	  264.2
    14	      6	   2010	    3.4	  254.8
    15	      6	   2010	    5.9	  270.7
    16	      6	   2010	    2.5	  276.5
    17	      6	   2010	    2.5	  235.4
    18	      6	   2010	    3.1	  272.4
    19	      6	   2010	    5.6	  281.7
    20	      6	   2010	    4.6	  277.0
    21	      6	   2010	    2.1	  281.6
    22	      6	   2010	    1.2	  273.4
    23	      6	   2010	   -0.3	  261.9
    24	      6	   2010	    1.7	  263.4
    25	      6	   2010	    5.0	  267.7
    26	      6	   2010	    1.1	  267.3
    27	      6	   2010	    1.8	  251.8
    28	      6	   2010	    3.0	  275.5
    29	      6	   2010	    0.0	  249.9
    30	      6	   2010	    3.6	  260.3
     1	      7	   2010	    4.2	  244.7
     2	      7	   2010	    1.2	  273.0
     3	      7	   2010	    2.2	  267.5
     4	      7	   2010	    4.5	  258.3
     5	      7	   2010	    3.0	  268.2
     6	      7	   2010	    1.5	  256.5
     7	      7	   2010	   -0.5	  260.6
     8	      7	   2010	    5.4	  271.9
     9	      7	   2010	    3.6	  278.2
    10	      7	   2010	    2.8	  265.9
    11	      7	   2010	    3.2	  278.3
    12	      7	   2010	    2.9	  275.6
    13	      7	   2010	    3.9	  285.5
    14	      7	   2010	    4.4	  253.7
    15	      7	   2010	   -0.1	  271.6
    16	      7	   2010	    5.7	  274.9
    17	      7	   2010	    3.2	  261.6
    18	      7	   2010	    7.4	  276.3
    19	      7	   2010	   -0.4	  274.1
    20	      7	   2010	    6.7	  267.5
    21	      7	   2010	    6.2	  255.4
    22	      7	   2010	    6.5	  252.9
    23	      7	   2010	    6.6	  270.9
    24	      7	   2010	    5.4	  244.0
    25	      7	   2010	    2.3	  284.3
    26	      7	   2010	    3.6	  264.4
    27	      7	   2010	    5.2	  263.7
    28	      7	   2010	    2.4	  258.2
    29	      7	   2010	    5.1	  259.8
    30	      7	   2010	    7.8	  261.9
    31	      7	   2010	    1.5	  266.0
     1	      8	   2010	    1.4	  275.8
     2	      8	   2010	    1.5	  278.0
     3	      8	   2010	    4.3	  286.5
     4	      8	   2010	    3.0	  262.8
     5	      8	   2010	   -0.3	  259.9
     6	      8	   2010	    1.8	  267.3
     7	      8	   2010	    1.8	  271.9
     8	      8	   2010	    4.6	  277.2
     9	      8	   2010	    4.4	  260.7
    10	      8	   2010	    1.9	  275.0
    11	      8	   2010	    2.4	  260.0
    12	      8	   2010	   -0.2	  262.0
    13	      8	   2010	    1.7	  249.0
    14	      8	   2010	    3.5	  266.1
    15	      8	   2010	    1.7	  274.2
    16	      8	   2010	    4.0	  265.1
    17	      8	   2010	   -0.3	  264.1
    18	      8	   2010	    3.3	  268.3
    19	      8	   2010	    4.1	  257.1
    20	      8	   2010	    5.7	  268.6
    21	      8	   2010	    2.6	  255.3
    22	      8	   2010	    2.2	  260.0
    23	      8	   2010	    2.1	  267.7
    24	      8	   2010	    3.1	  276.0
    25	      8	   2010	    5.3	  273.8
    26	      8	   2010	    4.4	  279.1
    27	      8	   2010	    2.0	  274.2
    28	      8	   2010	    5.5	  287.8
    29	      8	   2010	    1.8	  263.0
    30	      8	   2010	    1.1	  254.3
    31	      8	   2010	    6.1	  266.3
     1	      9	   2010	    3.2	  267.2
     2	      9	   2010	    2.2	  270.9
     3	      9	   2010	    4.4	  269.0
     4	      9	   2010	    3.6	  248.7
     5	      9	   2010	    5.5	  245.9
     6	      9	   2010	    2.2	  266.7
     7	      9	   2010	    1.8	  264.7
     8	      9	   2010	    2.1	  264.7
     9	      9	   2010	   -0.3	  268.3
    10	      9	   2010	   -0.2	  272.6
    11	      9	   2010	    5.4	  284.1
    12	      9	   2010	    2.7	  274.6
    13	      9	   2010	   -0.3	  267.6
    14	      9	   2010	    4.8	  268.3
    15	      9	   2010	   -0.4	  278.1
    16	      9	   2010	    3.0	  276.9
    17	      9	   2010	   -0.1	  275.2
    18	      9	   2010	    1.6	  251.8
    19	      9	   2010	    6.6	  276.0
    20	      9	   2010	    5.8	  274.4
    21	      9	   2010	    3.7	  275.4
    22	      9	   2010	    2.2	  249.9
    23	      9	   2010	    3.7	  267.1
    24	      9	   2010	    5.3	  267.8
    25	      9	   2010	   -0.2	  257.9
    26	      9	   2010	    4.1	  273.9
    27	      9	   2010	    2.4	  265.6
    28	      9	   2010	    1.9	  261.7
    29	      9	   2010	    6.5	  276.3
    30	      9	   2010	    4.3	  250.0
     1	     10	   2010	   -0.7	  274.5
     2	     10	   2010	    5.2	  261.8
     3	     10	   2010	    2.9	  273.6
     4	     10	   2010	    2.5	  264.5
     5	     10	   2010	    3.7	  275.2
     6	     10	   2010	    4.8	  264.1
     7	     10	   2010	    6.8	  249.7
     8	     10	   2010	    5.0	  272.0
     9	     10	   2010	    3.0	  266.6
    10	     10	   2010	    3.2	  268.3
    11	     10	   2010	    2.2	  262.9
    12	     10	   2010	   -0.5	  255.9
    13	     10	   2010	    1.2	  260.3
    14	     10	   2010	    4.6	  270.3
    15	     10	   2010	   -0.5	  279.9
    16	     10	   2010	    3.7	  259.3
    17	     10	   2010	    4.6	  262.2
    18	     10	   2010	    4.3	  250.7
    19	     10	   2010	    2.5	  284.6
    20	     10	   2010	    4.2	  258.7
    21	     10	   2010	    7.2	  275.4
    22	     10	   2010	    3.3	  266.7
    23	     10	   2010	    1.8	  245.3
    24	     10	   2010	    4.0	  270.6
    25	     10	   2010	    3.8	  276.9
    26	     10	   2010	    2.3	  274.9
    27	     10	   2010	    2.3	  275.2
    28	     10	   2010	    8.8	  243.2
    29	     10	   2010	    4.1	  270.8
    30	     10	   2010	    3.2	  280.1
    31	     10	   2010	    3.9	  273.4
     1	     11	   2010	   -0.2	  248.8
     2	     11	   2010	    3.5	  275.2
     3	     11	   2010	    4.8	  261.3
     4	     11	   2010	    3.1	  262.3
     5	     11	   2010	   -0.2	  270.3
     6	     11	   2010	    3.4	  258.2
     7	     11	   2010	   -0.1	  267.4
     8	     11	   2010	    3.0	  267.6
     9	     11	   2010	    1.0	  258.8
    10	     11	   2010	    3.7	  272.9
    11	     11	   2010	   -0.2	  280.5
    12	     11	   2010	    1.8	  265.5
    13	     11	   2010	    6.3	  282.2
    14	     11	   2010	    5.1	  264.1
    15	     11	   2010	    2.3	  255.3
    16	     11	   2010	    3.1	  257.7
    17	     11	   2010	   -0.5	  285.0
    18	     11	   2010	    2.1	  278.2
    19	     11	   2010	    5.1	  264.5
    20	     11	   2010	    8.4	  285.4
    21	     11	   2010	    2.2	  262.8
    22	     11	   2010	    2.3	  294.0
    23	     11	   2010	    2.8	  268.8
    24	     11	   2010	    3.0	  290.1
    25	     11	   2010	    2.3	  264.5
    26	     11	   2010	    2.2	  273.4
    27	     11	   2010	    3.1	  262.5
    28	     11	   2010	    6.9	  282.9
    29	     11	   2010	    4.0	  256.1
    30	     11	   2010	    1.7	  271.1
     1	     12	   2010	    3.7	  253.2
     2	     12	   2010	    3.4	  267.3
     3	     12	   2010	    3.6	  261.8
     4	     12	   2010	    2.6	  272.6
     5	     12	   2010	    7.2	  262.8
     6	     12	   2010	    5.2	  268.8
     7	     12	   2010	    3.2	  269.6
     8	     12	   2010	    3.8	  263.7
     9	     12	   2010	    1.8	  274.6
    10	     12	   2010	    3.1	  272.3
    11	     12	   2010	    4.2	  255.4
    12	     12	   2010	    3.8	  245.9
    13	     12	   2010	    3.0	  263.2
    14	     12	   2010	    5.0	  271.0
    15	     12	   2010	    2.6	  264.2
    16	     12	   2010	    3.9	  247.0
    17	     12	   2010	    3.5	  272.7
    18	     12	   2010	    3.5	  260.1
    19	     12	   2010	    3.9	  256.2
    20	     12	   2010	    2.5	  276.1
    21	     12	   2010	    3.5	  261.5
    22	     12	   2010	    3.2	  271.7
    23	     12	   2010	    3.7	  269.4
    24	     12	   2010	    2.7	  280.1
    25	     12	   2010	    2.8	  283.6
    26	     12	   2010	    2.6	  266.3
    27	     12	   2010	    1.4	  275.5
    28	     12	   2010	    4.2	  274.1
    29	     12	   2010	    1.7	  263.0
    30	     12	   2010	    4.0	  262.6
    31	     12	   2010	    3.0	  279.6
